01;1345;BALAZO;963;23;14
02;2341;TRESPARADAS;852;23;14
03;567;LIMOSINA;745;23;14
04;9;SINLIMITES;956;23;14
02;345;TUANIS;932;23;14
03;45;POSITIVO;856;23;14
01;47;TEC;698;23;14
04;22;ESTRUCTURAS;800;23;14
04;763;CONSENTIDO;12;23;14
02;123;MARATONISTA;1575;23;14
01;4;LUMINOSO;789;23;14
03;52;GUERRERO;799;23;14
04,30;BANG;997;23;14
04;8;JUANA;897;23;14
01;75;HIROCHINA;1257;23;14
01;4567;ZAMZA;867;23;14
01;02;TRENVIANCA;997;23;14
04;431;NOPARA;860;23;14
01;3;MATADOR;750;23;14
01;681;EHECHADOR;1250;23;14